2024-06-14 17:55:17.359414 [info]: timer tick
2024-06-14 17:55:18.242972 [info]: received from 127.0.0.1 at PORT 47252
2024-06-14 17:55:18.243041 [info]: adjust timer once
2024-06-14 17:55:18.243063 [info]: adjust timer once
2024-06-14 17:55:18.243090 [info]: adjust timer once
2024-06-14 17:55:22.359520 [info]: timer tick
2024-06-14 17:55:24.102475 [info]: close fd 16
2024-06-14 17:55:24.306837 [info]: received from 127.0.0.1 at PORT 47254
2024-06-14 17:55:24.306914 [info]: adjust timer once
2024-06-14 17:55:24.306941 [info]: adjust timer once
2024-06-14 17:55:24.306961 [info]: adjust timer once
2024-06-14 17:55:24.321560 [info]: adjust timer once
2024-06-14 17:55:24.322453 [info]: adjust timer once
2024-06-14 17:55:24.456014 [info]: adjust timer once
2024-06-14 17:55:24.456223 [info]: adjust timer once
2024-06-14 17:55:25.938269 [info]: adjust timer once
2024-06-14 17:55:25.938939 [info]: adjust timer once
2024-06-14 17:55:27.359607 [info]: timer tick
2024-06-14 17:55:32.359658 [info]: timer tick
2024-06-14 17:55:37.360132 [info]: timer tick
2024-06-14 17:55:42.360623 [info]: timer tick
2024-06-14 17:56:06.134415 [info]: timer tick
2024-06-14 17:56:07.627380 [info]: received from 127.0.0.1 at PORT 41516
2024-06-14 17:56:07.627430 [info]: adjust timer once
2024-06-14 17:56:07.627442 [info]: adjust timer once
2024-06-14 17:56:07.627457 [info]: adjust timer once
2024-06-14 17:56:07.627473 [info]: adjust timer once
2024-06-14 17:56:07.627488 [info]: adjust timer once
2024-06-14 17:56:07.627503 [info]: adjust timer once
2024-06-14 17:56:07.627517 [info]: adjust timer once
2024-06-14 17:56:07.627532 [info]: adjust timer once
2024-06-14 17:56:07.627546 [info]: adjust timer once
2024-06-14 17:56:07.627551 [info]: adjust timer once
2024-06-14 17:56:07.627555 [info]: adjust timer once
2024-06-14 17:56:07.627560 [info]: adjust timer once
2024-06-14 17:56:07.627564 [info]: adjust timer once
2024-06-14 17:56:07.627568 [info]: adjust timer once
2024-06-14 17:56:07.627572 [info]: adjust timer once
2024-06-14 17:56:07.627576 [info]: adjust timer once
2024-06-14 17:56:07.627580 [info]: adjust timer once
2024-06-14 17:56:07.627584 [info]: adjust timer once
2024-06-14 17:56:07.627588 [info]: adjust timer once
2024-06-14 17:56:07.627592 [info]: adjust timer once
2024-06-14 17:56:07.627597 [info]: adjust timer once
2024-06-14 17:56:07.627601 [info]: adjust timer once
2024-06-14 17:56:07.627605 [info]: adjust timer once
2024-06-14 17:56:07.627609 [info]: adjust timer once
2024-06-14 17:56:07.627613 [info]: adjust timer once
2024-06-14 17:56:07.627617 [info]: adjust timer once
2024-06-14 17:56:07.627621 [info]: adjust timer once
2024-06-14 17:56:07.627625 [info]: adjust timer once
2024-06-14 17:56:07.627629 [info]: adjust timer once
2024-06-14 17:56:07.627634 [info]: adjust timer once
2024-06-14 17:56:07.627638 [info]: adjust timer once
2024-06-14 17:56:07.627652 [info]: adjust timer once
2024-06-14 17:56:07.627657 [info]: adjust timer once
2024-06-14 17:56:07.627661 [info]: adjust timer once
2024-06-14 17:56:07.627665 [info]: adjust timer once
2024-06-14 17:56:07.627669 [info]: adjust timer once
2024-06-14 17:56:07.627673 [info]: adjust timer once
2024-06-14 17:56:07.627678 [info]: adjust timer once
2024-06-14 17:56:07.627682 [info]: adjust timer once
2024-06-14 17:56:07.627686 [info]: adjust timer once
2024-06-14 17:56:07.627691 [info]: adjust timer once
2024-06-14 17:56:07.627695 [info]: adjust timer once
2024-06-14 17:56:07.627699 [info]: adjust timer once
2024-06-14 17:56:07.627703 [info]: adjust timer once
2024-06-14 17:56:07.627707 [info]: adjust timer once
2024-06-14 17:56:07.627711 [info]: adjust timer once
2024-06-14 17:56:07.627716 [info]: adjust timer once
2024-06-14 17:56:07.627720 [info]: adjust timer once
2024-06-14 17:56:07.627724 [info]: adjust timer once
2024-06-14 17:56:07.627728 [info]: adjust timer once
2024-06-14 17:56:07.627732 [info]: adjust timer once
2024-06-14 17:56:07.627736 [info]: adjust timer once
2024-06-14 17:56:07.627740 [info]: adjust timer once
2024-06-14 17:56:07.627744 [info]: adjust timer once
2024-06-14 17:56:07.627749 [info]: adjust timer once
2024-06-14 17:56:07.627764 [info]: adjust timer once
2024-06-14 17:56:07.627768 [info]: adjust timer once
2024-06-14 17:56:07.627772 [info]: adjust timer once
2024-06-14 17:56:07.627777 [info]: adjust timer once
2024-06-14 17:56:07.627781 [info]: adjust timer once
2024-06-14 17:56:07.627785 [info]: adjust timer once
2024-06-14 17:56:07.627789 [info]: adjust timer once
2024-06-14 17:56:07.627793 [info]: adjust timer once
2024-06-14 17:56:07.627797 [info]: adjust timer once
2024-06-14 17:56:07.627801 [info]: adjust timer once
2024-06-14 17:56:07.627805 [info]: adjust timer once
2024-06-14 17:56:07.627810 [info]: adjust timer once
2024-06-14 17:56:07.627814 [info]: adjust timer once
2024-06-14 17:56:07.627818 [info]: adjust timer once
2024-06-14 17:56:07.627822 [info]: adjust timer once
2024-06-14 17:56:07.627826 [info]: adjust timer once
2024-06-14 17:56:07.627830 [info]: adjust timer once
2024-06-14 17:56:07.627834 [info]: adjust timer once
2024-06-14 17:56:07.627838 [info]: adjust timer once
2024-06-14 17:56:07.627842 [info]: adjust timer once
2024-06-14 17:56:07.627847 [info]: adjust timer once
2024-06-14 17:56:07.627851 [info]: adjust timer once
2024-06-14 17:56:07.627855 [info]: adjust timer once
2024-06-14 17:56:07.627859 [info]: adjust timer once
2024-06-14 17:56:07.627863 [info]: adjust timer once
2024-06-14 17:56:07.627870 [info]: adjust timer once
2024-06-14 17:56:07.627875 [info]: adjust timer once
2024-06-14 17:56:07.627879 [info]: adjust timer once
2024-06-14 17:56:07.627883 [info]: adjust timer once
2024-06-14 17:56:07.627887 [info]: adjust timer once
2024-06-14 17:56:07.627891 [info]: adjust timer once
2024-06-14 17:56:07.627895 [info]: adjust timer once
2024-06-14 17:56:07.627899 [info]: adjust timer once
2024-06-14 17:56:07.627904 [info]: adjust timer once
2024-06-14 17:56:07.627908 [info]: adjust timer once
2024-06-14 17:56:07.627912 [info]: adjust timer once
2024-06-14 17:56:07.627916 [info]: adjust timer once
2024-06-14 17:56:07.627920 [info]: adjust timer once
2024-06-14 17:56:07.627924 [info]: adjust timer once
2024-06-14 17:56:07.627928 [info]: adjust timer once
2024-06-14 17:56:07.627932 [info]: adjust timer once
2024-06-14 17:56:07.627936 [info]: adjust timer once
2024-06-14 17:56:07.627940 [info]: adjust timer once
2024-06-14 17:56:07.627945 [info]: adjust timer once
2024-06-14 17:56:07.627949 [info]: adjust timer once
2024-06-14 17:56:07.627953 [info]: adjust timer once
2024-06-14 17:56:07.627957 [info]: adjust timer once
2024-06-14 17:56:07.627961 [info]: adjust timer once
2024-06-14 17:56:07.627965 [info]: adjust timer once
2024-06-14 17:56:07.627969 [info]: adjust timer once
2024-06-14 17:56:07.627973 [info]: adjust timer once
2024-06-14 17:56:07.627977 [info]: adjust timer once
2024-06-14 17:56:07.627982 [info]: adjust timer once
2024-06-14 17:56:07.627986 [info]: adjust timer once
2024-06-14 17:56:07.627990 [info]: adjust timer once
2024-06-14 17:56:07.627994 [info]: adjust timer once
2024-06-14 17:56:07.627998 [info]: adjust timer once
2024-06-14 17:56:07.628002 [info]: adjust timer once
2024-06-14 17:56:07.628006 [info]: adjust timer once
2024-06-14 17:56:07.628010 [info]: adjust timer once
2024-06-14 17:56:07.628014 [info]: adjust timer once
2024-06-14 17:56:07.628019 [info]: adjust timer once
2024-06-14 17:56:07.628023 [info]: adjust timer once
2024-06-14 17:56:07.628027 [info]: adjust timer once
2024-06-14 17:56:07.628031 [info]: adjust timer once
2024-06-14 17:56:07.628035 [info]: adjust timer once
2024-06-14 17:56:07.628039 [info]: adjust timer once
2024-06-14 17:56:07.628043 [info]: adjust timer once
2024-06-14 17:56:07.628048 [info]: adjust timer once
2024-06-14 17:56:07.628052 [info]: adjust timer once
2024-06-14 17:56:07.628056 [info]: adjust timer once
2024-06-14 17:56:07.628060 [info]: adjust timer once
2024-06-14 17:56:07.628064 [info]: adjust timer once
2024-06-14 17:56:07.628068 [info]: adjust timer once
2024-06-14 17:56:07.628072 [info]: adjust timer once
2024-06-14 17:56:07.628076 [info]: adjust timer once
2024-06-14 17:56:07.628080 [info]: adjust timer once
2024-06-14 17:56:07.628087 [info]: adjust timer once
2024-06-14 17:56:07.628091 [info]: adjust timer once
2024-06-14 17:56:07.628096 [info]: adjust timer once
2024-06-14 17:56:07.628100 [info]: adjust timer once
2024-06-14 17:56:07.628104 [info]: adjust timer once
2024-06-14 17:56:07.628108 [info]: adjust timer once
2024-06-14 17:56:07.628112 [info]: adjust timer once
2024-06-14 17:56:07.628116 [info]: adjust timer once
2024-06-14 17:56:07.628120 [info]: adjust timer once
2024-06-14 17:56:07.628124 [info]: adjust timer once
2024-06-14 17:56:07.628128 [info]: adjust timer once
2024-06-14 17:56:07.628132 [info]: adjust timer once
2024-06-14 17:56:07.628137 [info]: adjust timer once
2024-06-14 17:56:07.628149 [info]: adjust timer once
2024-06-14 17:56:07.628156 [info]: adjust timer once
2024-06-14 17:56:07.628161 [info]: adjust timer once
2024-06-14 17:56:07.628166 [info]: adjust timer once
2024-06-14 17:56:07.628170 [info]: adjust timer once
2024-06-14 17:56:07.628174 [info]: adjust timer once
2024-06-14 17:56:07.628178 [info]: adjust timer once
2024-06-14 17:56:07.628182 [info]: adjust timer once
2024-06-14 17:56:07.628186 [info]: adjust timer once
2024-06-14 17:56:07.628190 [info]: adjust timer once
2024-06-14 17:56:07.628194 [info]: adjust timer once
2024-06-14 17:56:07.628198 [info]: adjust timer once
2024-06-14 17:56:07.628203 [info]: adjust timer once
2024-06-14 17:56:07.628207 [info]: adjust timer once
2024-06-14 17:56:07.628211 [info]: adjust timer once
2024-06-14 17:56:07.628215 [info]: adjust timer once
2024-06-14 17:56:07.628219 [info]: adjust timer once
2024-06-14 17:56:07.628223 [info]: adjust timer once
2024-06-14 17:56:07.628227 [info]: adjust timer once
2024-06-14 17:56:07.628231 [info]: adjust timer once
2024-06-14 17:56:07.628235 [info]: adjust timer once
2024-06-14 17:56:07.628240 [info]: adjust timer once
2024-06-14 17:56:07.628244 [info]: adjust timer once
2024-06-14 17:56:07.628248 [info]: adjust timer once
2024-06-14 17:56:07.628252 [info]: adjust timer once
2024-06-14 17:56:07.628256 [info]: adjust timer once
2024-06-14 17:56:07.628260 [info]: adjust timer once
2024-06-14 17:56:07.628264 [info]: adjust timer once
2024-06-14 17:56:07.628268 [info]: adjust timer once
2024-06-14 17:56:07.628272 [info]: adjust timer once
2024-06-14 17:56:07.628277 [info]: adjust timer once
2024-06-14 17:56:07.628281 [info]: adjust timer once
2024-06-14 17:56:07.628285 [info]: adjust timer once
2024-06-14 17:56:07.628289 [info]: adjust timer once
2024-06-14 17:56:07.628293 [info]: adjust timer once
2024-06-14 17:56:07.628297 [info]: adjust timer once
2024-06-14 17:56:07.628301 [info]: adjust timer once
2024-06-14 17:56:07.628305 [info]: adjust timer once
2024-06-14 17:56:07.628309 [info]: adjust timer once
2024-06-14 17:56:07.628314 [info]: adjust timer once
2024-06-14 17:56:07.628318 [info]: adjust timer once
2024-06-14 17:56:07.628322 [info]: adjust timer once
2024-06-14 17:56:07.628326 [info]: adjust timer once
2024-06-14 17:56:07.628330 [info]: adjust timer once
2024-06-14 17:56:07.628334 [info]: adjust timer once
2024-06-14 17:56:07.628338 [info]: adjust timer once
2024-06-14 17:56:07.628342 [info]: adjust timer once
2024-06-14 17:56:07.628346 [info]: adjust timer once
2024-06-14 17:56:07.628351 [info]: adjust timer once
2024-06-14 17:56:07.628355 [info]: adjust timer once
2024-06-14 17:56:07.628359 [info]: adjust timer once
2024-06-14 17:56:07.628363 [info]: adjust timer once
2024-06-14 17:56:07.628367 [info]: adjust timer once
2024-06-14 17:56:07.628371 [info]: adjust timer once
2024-06-14 17:56:07.628375 [info]: adjust timer once
2024-06-14 17:56:07.628379 [info]: adjust timer once
2024-06-14 17:56:07.628383 [info]: adjust timer once
2024-06-14 17:56:07.628388 [info]: adjust timer once
2024-06-14 17:56:07.628392 [info]: adjust timer once
2024-06-14 17:56:07.628397 [info]: adjust timer once
2024-06-14 17:56:07.628401 [info]: adjust timer once
2024-06-14 17:56:07.628405 [info]: adjust timer once
2024-06-14 17:56:07.628409 [info]: adjust timer once
2024-06-14 17:56:07.628415 [info]: adjust timer once
2024-06-14 17:56:07.628423 [info]: adjust timer once
2024-06-14 17:56:07.628427 [info]: adjust timer once
2024-06-14 17:56:07.628431 [info]: adjust timer once
2024-06-14 17:56:07.628435 [info]: adjust timer once
2024-06-14 17:56:07.628439 [info]: adjust timer once
2024-06-14 17:56:07.628443 [info]: adjust timer once
2024-06-14 17:56:07.628447 [info]: adjust timer once
2024-06-14 17:56:07.628452 [info]: adjust timer once
2024-06-14 17:56:07.628456 [info]: adjust timer once
2024-06-14 17:56:07.628460 [info]: adjust timer once
2024-06-14 17:56:07.628464 [info]: adjust timer once
2024-06-14 17:56:07.628468 [info]: adjust timer once
2024-06-14 17:56:07.628472 [info]: adjust timer once
2024-06-14 17:56:07.628476 [info]: adjust timer once
2024-06-14 17:56:07.628480 [info]: adjust timer once
2024-06-14 17:56:07.628484 [info]: adjust timer once
2024-06-14 17:56:07.628488 [info]: adjust timer once
2024-06-14 17:56:07.628493 [info]: adjust timer once
2024-06-14 17:56:07.628497 [info]: adjust timer once
2024-06-14 17:56:07.628501 [info]: adjust timer once
2024-06-14 17:56:07.628505 [info]: adjust timer once
2024-06-14 17:56:07.628509 [info]: adjust timer once
2024-06-14 17:56:07.628513 [info]: adjust timer once
2024-06-14 17:56:07.628517 [info]: adjust timer once
2024-06-14 17:56:07.628521 [info]: adjust timer once
2024-06-14 17:56:07.628525 [info]: adjust timer once
2024-06-14 17:56:07.628529 [info]: adjust timer once
2024-06-14 17:56:07.628534 [info]: adjust timer once
2024-06-14 17:56:07.628538 [info]: adjust timer once
2024-06-14 17:56:07.628542 [info]: adjust timer once
2024-06-14 17:56:07.628546 [info]: adjust timer once
2024-06-14 17:56:07.628550 [info]: adjust timer once
2024-06-14 17:56:07.628554 [info]: adjust timer once
2024-06-14 17:56:07.628558 [info]: adjust timer once
2024-06-14 17:56:07.628562 [info]: adjust timer once
2024-06-14 17:56:07.628566 [info]: adjust timer once
2024-06-14 17:56:07.628570 [info]: adjust timer once
2024-06-14 17:56:07.628575 [info]: adjust timer once
2024-06-14 17:56:07.628579 [info]: adjust timer once
2024-06-14 17:56:07.628583 [info]: adjust timer once
2024-06-14 17:56:07.628587 [info]: adjust timer once
2024-06-14 17:56:07.628591 [info]: adjust timer once
2024-06-14 17:56:07.628595 [info]: adjust timer once
2024-06-14 17:56:07.628599 [info]: adjust timer once
2024-06-14 17:56:07.628603 [info]: adjust timer once
2024-06-14 17:56:07.628607 [info]: adjust timer once
2024-06-14 17:56:07.628612 [info]: adjust timer once
2024-06-14 17:56:07.628616 [info]: adjust timer once
2024-06-14 17:56:07.628620 [info]: adjust timer once
2024-06-14 17:56:07.628624 [info]: adjust timer once
2024-06-14 17:56:07.628628 [info]: adjust timer once
2024-06-14 17:56:07.628632 [info]: adjust timer once
2024-06-14 17:56:07.628636 [info]: adjust timer once
2024-06-14 17:56:07.628640 [info]: adjust timer once
2024-06-14 17:56:07.628655 [info]: adjust timer once
2024-06-14 17:56:07.628659 [info]: adjust timer once
2024-06-14 17:56:07.628663 [info]: adjust timer once
2024-06-14 17:56:07.628667 [info]: adjust timer once
2024-06-14 17:56:07.628672 [info]: adjust timer once
2024-06-14 17:56:07.628676 [info]: adjust timer once
2024-06-14 17:56:07.628680 [info]: adjust timer once
2024-06-14 17:56:07.628684 [info]: adjust timer once
2024-06-14 17:56:07.628688 [info]: adjust timer once
2024-06-14 17:56:07.628692 [info]: adjust timer once
2024-06-14 17:56:07.628696 [info]: adjust timer once
2024-06-14 17:56:07.628700 [info]: adjust timer once
2024-06-14 17:56:07.628704 [info]: adjust timer once
2024-06-14 17:56:07.628709 [info]: adjust timer once
2024-06-14 17:56:07.628713 [info]: adjust timer once
2024-06-14 17:56:07.628717 [info]: adjust timer once
2024-06-14 17:56:07.628721 [info]: adjust timer once
2024-06-14 17:56:07.628725 [info]: adjust timer once
2024-06-14 17:56:07.628729 [info]: adjust timer once
2024-06-14 17:56:07.628733 [info]: adjust timer once
2024-06-14 17:56:07.628737 [info]: adjust timer once
2024-06-14 17:56:07.628742 [info]: adjust timer once
2024-06-14 17:56:07.628746 [info]: adjust timer once
2024-06-14 17:56:07.628750 [info]: adjust timer once
2024-06-14 17:56:07.628756 [info]: adjust timer once
2024-06-14 17:56:07.628761 [info]: adjust timer once
2024-06-14 17:56:07.628765 [info]: adjust timer once
2024-06-14 17:56:07.628769 [info]: adjust timer once
2024-06-14 17:56:07.628773 [info]: adjust timer once
2024-06-14 17:56:07.628777 [info]: adjust timer once
2024-06-14 17:56:07.628781 [info]: adjust timer once
2024-06-14 17:56:07.628785 [info]: adjust timer once
2024-06-14 17:56:07.628790 [info]: adjust timer once
2024-06-14 17:56:07.628794 [info]: adjust timer once
2024-06-14 17:56:07.628798 [info]: adjust timer once
2024-06-14 17:56:07.628802 [info]: adjust timer once
2024-06-14 17:56:07.628806 [info]: adjust timer once
2024-06-14 17:56:07.628810 [info]: adjust timer once
2024-06-14 17:56:07.628814 [info]: adjust timer once
2024-06-14 17:56:07.628818 [info]: adjust timer once
2024-06-14 17:56:07.628822 [info]: adjust timer once
2024-06-14 17:56:07.628826 [info]: adjust timer once
2024-06-14 17:56:07.628831 [info]: adjust timer once
2024-06-14 17:56:07.628835 [info]: adjust timer once
2024-06-14 17:56:07.628839 [info]: adjust timer once
2024-06-14 17:56:07.628843 [info]: adjust timer once
2024-06-14 17:56:07.628847 [info]: adjust timer once
2024-06-14 17:56:07.628851 [info]: adjust timer once
2024-06-14 17:56:07.628855 [info]: adjust timer once
2024-06-14 17:56:07.628859 [info]: adjust timer once
2024-06-14 17:56:07.628863 [info]: adjust timer once
2024-06-14 17:56:07.628867 [info]: adjust timer once
2024-06-14 17:56:07.628872 [info]: adjust timer once
2024-06-14 17:56:07.628876 [info]: adjust timer once
2024-06-14 17:56:07.628880 [info]: adjust timer once
2024-06-14 17:56:07.628884 [info]: adjust timer once
2024-06-14 17:56:07.628888 [info]: adjust timer once
2024-06-14 17:56:07.628892 [info]: adjust timer once
2024-06-14 17:56:07.628896 [info]: adjust timer once
2024-06-14 17:56:07.628901 [info]: adjust timer once
2024-06-14 17:56:07.628905 [info]: adjust timer once
2024-06-14 17:56:07.628909 [info]: adjust timer once
2024-06-14 17:56:07.628913 [info]: adjust timer once
2024-06-14 17:56:07.628917 [info]: adjust timer once
2024-06-14 17:56:07.628921 [info]: adjust timer once
2024-06-14 17:56:07.628925 [info]: adjust timer once
2024-06-14 17:56:07.628929 [info]: adjust timer once
2024-06-14 17:56:07.628933 [info]: adjust timer once
2024-06-14 17:56:07.628937 [info]: adjust timer once
2024-06-14 17:56:07.628942 [info]: adjust timer once
2024-06-14 17:56:07.628946 [info]: adjust timer once
2024-06-14 17:56:07.628950 [info]: adjust timer once
2024-06-14 17:56:07.628954 [info]: adjust timer once
2024-06-14 17:56:07.628960 [info]: adjust timer once
2024-06-14 17:56:07.628964 [info]: adjust timer once
2024-06-14 17:56:07.628968 [info]: adjust timer once
2024-06-14 17:56:07.628973 [info]: adjust timer once
2024-06-14 17:56:07.628977 [info]: adjust timer once
2024-06-14 17:56:07.628981 [info]: adjust timer once
2024-06-14 17:56:07.628985 [info]: adjust timer once
2024-06-14 17:56:07.628989 [info]: adjust timer once
2024-06-14 17:56:07.628993 [info]: adjust timer once
2024-06-14 17:56:07.628997 [info]: adjust timer once
2024-06-14 17:56:07.629001 [info]: adjust timer once
2024-06-14 17:56:07.629005 [info]: adjust timer once
2024-06-14 17:56:07.629010 [info]: adjust timer once
2024-06-14 17:56:07.629014 [info]: adjust timer once
2024-06-14 17:56:07.629018 [info]: adjust timer once
2024-06-14 17:56:07.629022 [info]: adjust timer once
2024-06-14 17:56:07.629026 [info]: adjust timer once
2024-06-14 17:56:07.629030 [info]: adjust timer once
2024-06-14 17:56:07.629034 [info]: adjust timer once
2024-06-14 17:56:07.629038 [info]: adjust timer once
2024-06-14 17:56:07.629043 [info]: adjust timer once
2024-06-14 17:56:07.629047 [info]: adjust timer once
2024-06-14 17:56:07.629051 [info]: adjust timer once
2024-06-14 17:56:07.629055 [info]: adjust timer once
2024-06-14 17:56:07.629059 [info]: adjust timer once
2024-06-14 17:56:07.629063 [info]: adjust timer once
2024-06-14 17:56:07.629067 [info]: adjust timer once
2024-06-14 17:56:07.629071 [info]: adjust timer once
2024-06-14 17:56:07.629078 [info]: adjust timer once
2024-06-14 17:56:07.629082 [info]: adjust timer once
2024-06-14 17:56:07.629086 [info]: adjust timer once
2024-06-14 17:56:07.629090 [info]: adjust timer once
2024-06-14 17:56:07.629095 [info]: adjust timer once
2024-06-14 17:56:07.629099 [info]: adjust timer once
2024-06-14 17:56:07.629103 [info]: adjust timer once
2024-06-14 17:56:07.629107 [info]: adjust timer once
2024-06-14 17:56:07.629111 [info]: adjust timer once
2024-06-14 17:56:07.629115 [info]: adjust timer once
2024-06-14 17:56:07.629119 [info]: adjust timer once
2024-06-14 17:56:07.629123 [info]: adjust timer once
2024-06-14 17:56:07.629127 [info]: adjust timer once
2024-06-14 17:56:07.629132 [info]: adjust timer once
2024-06-14 17:56:07.629136 [info]: adjust timer once
2024-06-14 17:56:07.629140 [info]: adjust timer once
2024-06-14 17:56:07.629153 [info]: adjust timer once
2024-06-14 17:56:07.629158 [info]: adjust timer once
2024-06-14 17:56:07.629162 [info]: adjust timer once
2024-06-14 17:56:07.629166 [info]: adjust timer once
2024-06-14 17:56:07.629170 [info]: adjust timer once
2024-06-14 17:56:07.629174 [info]: adjust timer once
2024-06-14 17:56:07.629179 [info]: adjust timer once
2024-06-14 17:56:07.629183 [info]: adjust timer once
2024-06-14 17:56:07.629187 [info]: adjust timer once
2024-06-14 17:56:07.629191 [info]: adjust timer once
2024-06-14 17:56:07.629195 [info]: adjust timer once
2024-06-14 17:56:07.629199 [info]: adjust timer once
2024-06-14 17:56:07.629203 [info]: adjust timer once
2024-06-14 17:56:07.629207 [info]: adjust timer once
2024-06-14 17:56:07.629211 [info]: adjust timer once
2024-06-14 17:56:07.629216 [info]: adjust timer once
2024-06-14 17:56:07.629220 [info]: adjust timer once
2024-06-14 17:56:07.629224 [info]: adjust timer once
2024-06-14 17:56:07.629228 [info]: adjust timer once
2024-06-14 17:56:07.629232 [info]: adjust timer once
2024-06-14 17:56:07.629236 [info]: adjust timer once
2024-06-14 17:56:07.629240 [info]: adjust timer once
2024-06-14 17:56:07.629244 [info]: adjust timer once
2024-06-14 17:56:07.629249 [info]: adjust timer once
2024-06-14 17:56:07.629253 [info]: adjust timer once
2024-06-14 17:56:07.629257 [info]: adjust timer once
2024-06-14 17:56:07.629261 [info]: adjust timer once
2024-06-14 17:56:07.629265 [info]: adjust timer once
2024-06-14 17:56:07.629269 [info]: adjust timer once
2024-06-14 17:56:07.629273 [info]: adjust timer once
2024-06-14 17:56:07.629277 [info]: adjust timer once
2024-06-14 17:56:07.629281 [info]: adjust timer once
2024-06-14 17:56:07.629285 [info]: adjust timer once
2024-06-14 17:56:07.629290 [info]: adjust timer once
2024-06-14 17:56:07.629294 [info]: adjust timer once
2024-06-14 17:56:07.629298 [info]: adjust timer once
2024-06-14 17:56:07.629302 [info]: adjust timer once
2024-06-14 17:56:07.629306 [info]: adjust timer once
2024-06-14 17:56:07.629310 [info]: adjust timer once
2024-06-14 17:56:07.629314 [info]: adjust timer once
2024-06-14 17:56:07.629318 [info]: adjust timer once
2024-06-14 17:56:07.629322 [info]: adjust timer once
2024-06-14 17:56:07.629327 [info]: adjust timer once
2024-06-14 17:56:07.629331 [info]: adjust timer once
2024-06-14 17:56:07.629335 [info]: adjust timer once
2024-06-14 17:56:07.629339 [info]: adjust timer once
2024-06-14 17:56:07.629343 [info]: adjust timer once
2024-06-14 17:56:07.629347 [info]: adjust timer once
2024-06-14 17:56:07.629351 [info]: adjust timer once
2024-06-14 17:56:07.629355 [info]: adjust timer once
2024-06-14 17:56:07.629359 [info]: adjust timer once
2024-06-14 17:56:07.629363 [info]: adjust timer once
2024-06-14 17:56:07.629368 [info]: adjust timer once
2024-06-14 17:56:07.629372 [info]: adjust timer once
2024-06-14 17:56:07.629376 [info]: adjust timer once
2024-06-14 17:56:07.629380 [info]: adjust timer once
2024-06-14 17:56:07.629384 [info]: adjust timer once
2024-06-14 17:56:07.629388 [info]: adjust timer once
2024-06-14 17:56:07.629392 [info]: adjust timer once
2024-06-14 17:56:07.629396 [info]: adjust timer once
2024-06-14 17:56:07.629400 [info]: adjust timer once
2024-06-14 17:56:07.629407 [info]: adjust timer once
2024-06-14 17:56:07.629411 [info]: adjust timer once
2024-06-14 17:56:07.629415 [info]: adjust timer once
2024-06-14 17:56:07.629419 [info]: adjust timer once
2024-06-14 17:56:07.629424 [info]: adjust timer once
2024-06-14 17:56:07.629428 [info]: adjust timer once
2024-06-14 17:56:07.629432 [info]: adjust timer once
2024-06-14 17:56:07.629436 [info]: adjust timer once
2024-06-14 17:56:07.629440 [info]: adjust timer once
2024-06-14 17:56:07.629444 [info]: adjust timer once
2024-06-14 17:56:07.629448 [info]: adjust timer once
2024-06-14 17:56:07.629452 [info]: adjust timer once
2024-06-14 17:56:07.629456 [info]: adjust timer once
2024-06-14 17:56:07.629461 [info]: adjust timer once
2024-06-14 17:56:07.629465 [info]: adjust timer once
2024-06-14 17:56:07.629469 [info]: adjust timer once
2024-06-14 17:56:07.629473 [info]: adjust timer once
2024-06-14 17:56:07.629477 [info]: adjust timer once
2024-06-14 17:56:07.629481 [info]: adjust timer once
2024-06-14 17:56:07.629485 [info]: adjust timer once
2024-06-14 17:56:07.629489 [info]: adjust timer once
2024-06-14 17:56:07.629493 [info]: adjust timer once
2024-06-14 17:56:07.629497 [info]: adjust timer once
2024-06-14 17:56:07.629503 [info]: adjust timer once
2024-06-14 17:56:07.629508 [info]: adjust timer once
2024-06-14 17:56:07.629512 [info]: adjust timer once
2024-06-14 17:56:07.629516 [info]: adjust timer once
2024-06-14 17:56:07.629520 [info]: adjust timer once
2024-06-14 17:56:07.629524 [info]: adjust timer once
2024-06-14 17:56:07.629528 [info]: adjust timer once
2024-06-14 17:56:07.629532 [info]: adjust timer once
2024-06-14 17:56:07.629536 [info]: adjust timer once
2024-06-14 17:56:07.629541 [info]: adjust timer once
2024-06-14 17:56:07.629545 [info]: adjust timer once
2024-06-14 17:56:07.629549 [info]: adjust timer once
2024-06-14 17:56:07.629553 [info]: adjust timer once
2024-06-14 17:56:07.629557 [info]: adjust timer once
2024-06-14 17:56:07.629561 [info]: adjust timer once
2024-06-14 17:56:07.629565 [info]: adjust timer once
2024-06-14 17:56:07.629569 [info]: adjust timer once
2024-06-14 17:56:07.629574 [info]: adjust timer once
2024-06-14 17:56:07.629578 [info]: adjust timer once
2024-06-14 17:56:07.629582 [info]: adjust timer once
2024-06-14 17:56:07.629586 [info]: adjust timer once
2024-06-14 17:56:07.629590 [info]: adjust timer once
2024-06-14 17:56:07.629594 [info]: adjust timer once
2024-06-14 17:56:07.629598 [info]: adjust timer once
2024-06-14 17:56:07.629602 [info]: adjust timer once
2024-06-14 17:56:07.629606 [info]: adjust timer once
2024-06-14 17:56:07.629611 [info]: adjust timer once
2024-06-14 17:56:07.629615 [info]: adjust timer once
2024-06-14 17:56:07.629619 [info]: adjust timer once
2024-06-14 17:56:07.629623 [info]: adjust timer once
2024-06-14 17:56:07.629627 [info]: adjust timer once
2024-06-14 17:56:07.629631 [info]: adjust timer once
2024-06-14 17:56:07.629635 [info]: adjust timer once
2024-06-14 17:56:07.629639 [info]: adjust timer once
2024-06-14 17:56:07.629715 [info]: adjust timer once
2024-06-14 17:56:07.629723 [info]: adjust timer once
2024-06-14 17:56:07.629727 [info]: adjust timer once
2024-06-14 17:56:07.629731 [info]: adjust timer once
2024-06-14 17:56:07.629735 [info]: adjust timer once
2024-06-14 17:56:07.629740 [info]: adjust timer once
2024-06-14 17:56:07.629744 [info]: adjust timer once
2024-06-14 17:56:07.629748 [info]: adjust timer once
2024-06-14 17:56:07.629752 [info]: adjust timer once
2024-06-14 17:56:07.629756 [info]: adjust timer once
2024-06-14 17:56:07.629760 [info]: adjust timer once
2024-06-14 17:56:07.629764 [info]: adjust timer once
2024-06-14 17:56:07.629768 [info]: adjust timer once
2024-06-14 17:56:07.629772 [info]: adjust timer once
2024-06-14 17:56:07.629777 [info]: adjust timer once
2024-06-14 17:56:07.629781 [info]: adjust timer once
2024-06-14 17:56:07.629785 [info]: adjust timer once
2024-06-14 17:56:07.629789 [info]: adjust timer once
2024-06-14 17:56:07.629793 [info]: adjust timer once
2024-06-14 17:56:07.629797 [info]: adjust timer once
2024-06-14 17:56:07.629805 [info]: adjust timer once
2024-06-14 17:56:07.629809 [info]: adjust timer once
2024-06-14 17:56:07.629813 [info]: adjust timer once
2024-06-14 17:56:07.629817 [info]: adjust timer once
2024-06-14 17:56:07.629822 [info]: adjust timer once
2024-06-14 17:56:07.629826 [info]: adjust timer once
2024-06-14 17:56:07.629830 [info]: adjust timer once
2024-06-14 17:56:07.629834 [info]: adjust timer once
2024-06-14 17:56:07.629838 [info]: adjust timer once
2024-06-14 17:56:07.629842 [info]: adjust timer once
2024-06-14 17:56:07.629846 [info]: adjust timer once
2024-06-14 17:56:07.629850 [info]: adjust timer once
2024-06-14 17:56:07.629854 [info]: adjust timer once
2024-06-14 17:56:07.629858 [info]: adjust timer once
2024-06-14 17:56:07.629862 [info]: adjust timer once
2024-06-14 17:56:07.629867 [info]: adjust timer once
2024-06-14 17:56:07.629871 [info]: adjust timer once
2024-06-14 17:56:07.629875 [info]: adjust timer once
2024-06-14 17:56:07.629879 [info]: adjust timer once
2024-06-14 17:56:07.629883 [info]: adjust timer once
2024-06-14 17:56:07.629887 [info]: adjust timer once
2024-06-14 17:56:07.629891 [info]: adjust timer once
2024-06-14 17:56:07.629895 [info]: adjust timer once
2024-06-14 17:56:07.629899 [info]: adjust timer once
2024-06-14 17:56:07.629903 [info]: adjust timer once
2024-06-14 17:56:07.629907 [info]: adjust timer once
2024-06-14 17:56:07.629911 [info]: adjust timer once
2024-06-14 17:56:07.629915 [info]: adjust timer once
2024-06-14 17:56:07.629920 [info]: adjust timer once
2024-06-14 17:56:07.629924 [info]: adjust timer once
2024-06-14 17:56:07.629928 [info]: adjust timer once
2024-06-14 17:56:07.629932 [info]: adjust timer once
2024-06-14 17:56:07.629936 [info]: adjust timer once
2024-06-14 17:56:07.629940 [info]: adjust timer once
2024-06-14 17:56:07.629944 [info]: adjust timer once
2024-06-14 17:56:07.629948 [info]: adjust timer once
2024-06-14 17:56:07.629952 [info]: adjust timer once
2024-06-14 17:56:07.629956 [info]: adjust timer once
2024-06-14 17:56:07.629961 [info]: adjust timer once
2024-06-14 17:56:07.629965 [info]: adjust timer once
2024-06-14 17:56:07.629969 [info]: adjust timer once
2024-06-14 17:56:07.629973 [info]: adjust timer once
2024-06-14 17:56:07.629977 [info]: adjust timer once
2024-06-14 17:56:07.629981 [info]: adjust timer once
2024-06-14 17:56:07.629985 [info]: adjust timer once
2024-06-14 17:56:07.629989 [info]: adjust timer once
2024-06-14 17:56:07.629993 [info]: adjust timer once
2024-06-14 17:56:07.629997 [info]: adjust timer once
2024-06-14 17:56:07.630001 [info]: adjust timer once
2024-06-14 17:56:07.630005 [info]: adjust timer once
2024-06-14 17:56:07.630010 [info]: adjust timer once
2024-06-14 17:56:07.630014 [info]: adjust timer once
2024-06-14 17:56:07.630018 [info]: adjust timer once
2024-06-14 17:56:07.630022 [info]: adjust timer once
2024-06-14 17:56:07.630026 [info]: adjust timer once
2024-06-14 17:56:07.630030 [info]: adjust timer once
2024-06-14 17:56:07.630034 [info]: adjust timer once
2024-06-14 17:56:07.630038 [info]: adjust timer once
2024-06-14 17:56:07.630042 [info]: adjust timer once
2024-06-14 17:56:07.630046 [info]: adjust timer once
2024-06-14 17:56:07.630050 [info]: adjust timer once
2024-06-14 17:56:07.630054 [info]: adjust timer once
2024-06-14 17:56:07.630059 [info]: adjust timer once
2024-06-14 17:56:07.630063 [info]: adjust timer once
2024-06-14 17:56:07.630067 [info]: adjust timer once
2024-06-14 17:56:07.630071 [info]: adjust timer once
2024-06-14 17:56:07.630075 [info]: adjust timer once
2024-06-14 17:56:07.630079 [info]: adjust timer once
2024-06-14 17:56:07.630083 [info]: adjust timer once
2024-06-14 17:56:07.630087 [info]: adjust timer once
2024-06-14 17:56:07.630091 [info]: adjust timer once
2024-06-14 17:56:07.630095 [info]: adjust timer once
2024-06-14 17:56:07.630099 [info]: adjust timer once
2024-06-14 17:56:07.630103 [info]: adjust timer once
2024-06-14 17:56:07.630110 [info]: adjust timer once
2024-06-14 17:56:07.630114 [info]: adjust timer once
2024-06-14 17:56:07.630119 [info]: adjust timer once
2024-06-14 17:56:07.630123 [info]: adjust timer once
2024-06-14 17:56:07.630129 [info]: adjust timer once
2024-06-14 17:56:07.630133 [info]: adjust timer once
2024-06-14 17:56:07.630137 [info]: adjust timer once
2024-06-14 17:56:07.630156 [info]: adjust timer once
2024-06-14 17:56:07.630164 [info]: adjust timer once
2024-06-14 17:56:07.630168 [info]: adjust timer once
2024-06-14 17:56:07.630172 [info]: adjust timer once
2024-06-14 17:56:07.630176 [info]: adjust timer once
2024-06-14 17:56:07.630180 [info]: adjust timer once
2024-06-14 17:56:07.630184 [info]: adjust timer once
2024-06-14 17:56:07.630188 [info]: adjust timer once
2024-06-14 17:56:07.630193 [info]: adjust timer once
2024-06-14 17:56:07.630197 [info]: adjust timer once
2024-06-14 17:56:07.630201 [info]: adjust timer once
2024-06-14 17:56:07.630205 [info]: adjust timer once
2024-06-14 17:56:07.630209 [info]: adjust timer once
2024-06-14 17:56:07.630213 [info]: adjust timer once
2024-06-14 17:56:07.630217 [info]: adjust timer once
2024-06-14 17:56:07.630221 [info]: adjust timer once
2024-06-14 17:56:07.630225 [info]: adjust timer once
2024-06-14 17:56:07.630229 [info]: adjust timer once
2024-06-14 17:56:07.630234 [info]: adjust timer once
2024-06-14 17:56:07.630238 [info]: adjust timer once
2024-06-14 17:56:07.630242 [info]: adjust timer once
2024-06-14 17:56:07.630246 [info]: adjust timer once
2024-06-14 17:56:07.630250 [info]: adjust timer once
2024-06-14 17:56:07.630254 [info]: adjust timer once
2024-06-14 17:56:07.630258 [info]: adjust timer once
2024-06-14 17:56:07.630262 [info]: adjust timer once
2024-06-14 17:56:07.630266 [info]: adjust timer once
2024-06-14 17:56:07.630270 [info]: adjust timer once
2024-06-14 17:56:07.630274 [info]: adjust timer once
2024-06-14 17:56:07.630278 [info]: adjust timer once
2024-06-14 17:56:07.630283 [info]: adjust timer once
2024-06-14 17:56:07.630287 [info]: adjust timer once
2024-06-14 17:56:07.630291 [info]: adjust timer once
2024-06-14 17:56:07.630295 [info]: adjust timer once
2024-06-14 17:56:07.630299 [info]: adjust timer once
2024-06-14 17:56:07.630303 [info]: adjust timer once
2024-06-14 17:56:07.630307 [info]: adjust timer once
2024-06-14 17:56:07.630312 [info]: adjust timer once
2024-06-14 17:56:07.630316 [info]: adjust timer once
2024-06-14 17:56:07.630320 [info]: adjust timer once
2024-06-14 17:56:07.630324 [info]: adjust timer once
2024-06-14 17:56:07.630328 [info]: adjust timer once
2024-06-14 17:56:07.630332 [info]: adjust timer once
2024-06-14 17:56:07.630336 [info]: adjust timer once
2024-06-14 17:56:07.630340 [info]: adjust timer once
2024-06-14 17:56:07.630344 [info]: adjust timer once
2024-06-14 17:56:07.630348 [info]: adjust timer once
2024-06-14 17:56:07.630352 [info]: adjust timer once
2024-06-14 17:56:07.630356 [info]: adjust timer once
2024-06-14 17:56:07.630361 [info]: adjust timer once
2024-06-14 17:56:07.630365 [info]: adjust timer once
2024-06-14 17:56:07.630369 [info]: adjust timer once
2024-06-14 17:56:07.630373 [info]: adjust timer once
2024-06-14 17:56:07.630377 [info]: adjust timer once
2024-06-14 17:56:07.630381 [info]: adjust timer once
2024-06-14 17:56:07.630385 [info]: adjust timer once
2024-06-14 17:56:07.630389 [info]: adjust timer once
2024-06-14 17:56:07.630393 [info]: adjust timer once
2024-06-14 17:56:07.630397 [info]: adjust timer once
2024-06-14 17:56:07.630401 [info]: adjust timer once
2024-06-14 17:56:07.630405 [info]: adjust timer once
2024-06-14 17:56:07.630410 [info]: adjust timer once
2024-06-14 17:56:07.630414 [info]: adjust timer once
2024-06-14 17:56:07.630418 [info]: adjust timer once
2024-06-14 17:56:07.630422 [info]: adjust timer once
2024-06-14 17:56:07.630426 [info]: adjust timer once
2024-06-14 17:56:07.630430 [info]: adjust timer once
2024-06-14 17:56:07.630434 [info]: adjust timer once
2024-06-14 17:56:07.630438 [info]: adjust timer once
2024-06-14 17:56:07.630442 [info]: adjust timer once
2024-06-14 17:56:07.630446 [info]: adjust timer once
2024-06-14 17:56:07.630450 [info]: adjust timer once
2024-06-14 17:56:07.630454 [info]: adjust timer once
2024-06-14 17:56:07.630458 [info]: adjust timer once
2024-06-14 17:56:07.630465 [info]: adjust timer once
2024-06-14 17:56:07.630469 [info]: adjust timer once
2024-06-14 17:56:07.630474 [info]: adjust timer once
2024-06-14 17:56:07.630478 [info]: adjust timer once
2024-06-14 17:56:07.630482 [info]: adjust timer once
2024-06-14 17:56:07.630486 [info]: adjust timer once
2024-06-14 17:56:07.630490 [info]: adjust timer once
2024-06-14 17:56:07.630494 [info]: adjust timer once
2024-06-14 17:56:07.630498 [info]: adjust timer once
2024-06-14 17:56:07.630502 [info]: adjust timer once
2024-06-14 17:56:07.630506 [info]: adjust timer once
2024-06-14 17:56:07.630510 [info]: adjust timer once
2024-06-14 17:56:07.630515 [info]: adjust timer once
2024-06-14 17:56:07.630519 [info]: adjust timer once
2024-06-14 17:56:07.630523 [info]: adjust timer once
2024-06-14 17:56:07.630527 [info]: adjust timer once
2024-06-14 17:56:07.630531 [info]: adjust timer once
2024-06-14 17:56:07.630535 [info]: adjust timer once
2024-06-14 17:56:07.630539 [info]: adjust timer once
2024-06-14 17:56:07.630543 [info]: adjust timer once
2024-06-14 17:56:07.630547 [info]: adjust timer once
2024-06-14 17:56:07.630551 [info]: adjust timer once
2024-06-14 17:56:07.630556 [info]: adjust timer once
2024-06-14 17:56:07.630560 [info]: adjust timer once
2024-06-14 17:56:07.630564 [info]: adjust timer once
2024-06-14 17:56:07.630568 [info]: adjust timer once
2024-06-14 17:56:07.630572 [info]: adjust timer once
2024-06-14 17:56:07.630576 [info]: adjust timer once
2024-06-14 17:56:07.630580 [info]: adjust timer once
2024-06-14 17:56:07.630584 [info]: adjust timer once
2024-06-14 17:56:07.630588 [info]: adjust timer once
2024-06-14 17:56:07.630592 [info]: adjust timer once
2024-06-14 17:56:07.630596 [info]: adjust timer once
2024-06-14 17:56:07.630601 [info]: adjust timer once
2024-06-14 17:56:07.630605 [info]: adjust timer once
2024-06-14 17:56:07.630609 [info]: adjust timer once
2024-06-14 17:56:07.630613 [info]: adjust timer once
2024-06-14 17:56:07.630617 [info]: adjust timer once
2024-06-14 17:56:07.630621 [info]: adjust timer once
2024-06-14 17:56:07.630625 [info]: adjust timer once
2024-06-14 17:56:07.630629 [info]: adjust timer once
2024-06-14 17:56:07.630633 [info]: adjust timer once
2024-06-14 17:56:07.630637 [info]: adjust timer once
2024-06-14 17:56:07.630650 [info]: adjust timer once
2024-06-14 17:56:07.630656 [info]: adjust timer once
2024-06-14 17:56:07.630660 [info]: adjust timer once
2024-06-14 17:56:07.630665 [info]: adjust timer once
2024-06-14 17:56:07.630671 [info]: adjust timer once
2024-06-14 17:56:07.630675 [info]: adjust timer once
2024-06-14 17:56:07.630680 [info]: adjust timer once
2024-06-14 17:56:07.630684 [info]: adjust timer once
2024-06-14 17:56:07.630688 [info]: adjust timer once
2024-06-14 17:56:07.630692 [info]: adjust timer once
2024-06-14 17:56:07.630696 [info]: adjust timer once
2024-06-14 17:56:07.630700 [info]: adjust timer once
2024-06-14 17:56:07.630704 [info]: adjust timer once
2024-06-14 17:56:07.630708 [info]: adjust timer once
2024-06-14 17:56:07.630712 [info]: adjust timer once
